ids_africa <- c(11127111,
         11127089,
         11126935,
         11126924,
         11126908,
         11126889,
         11126864,
         11126841,
         11126820,
         11126794,
         11126758,
         11126741,
         11126723,
         11105116)
