ids_africa <- c(11388406,
                11388334,
                11387789,
                11387738,
                11387688,
                11387618,
                11387580,
                11387536,
                11387451,
                11387376,
                11235544,
                11234867,
                11234849,
                11234745,
                11234713,
                11234671,
                11234651,
                11234232,
                11233620,
                11232951,
                11127111,
                11127089,
                11126935,
                11126924,
                11126908,
                11126889,
                11126864,
                11126841,
                11126820,
                11126794,
                11126758,
                11126741,
                11126723,
                11105116)
